{
  "height": 56,
  "width": 1000,
  "x": 259.6000061035156,
  "y": 1321.0999755859375
}